1,7.5616867365866245,7.5616867365866245,25.08328366350179,0.923184871673584
2,7.594336034207231,0.03264929762060653,27.018312434253463,0.9400243163108826
3,7.625003572955121,0.030667538747890077,29.416103568140898,0.9568555951118469
4,7.657606883776013,0.03260331082089163,32.27100694324325,0.9727361798286438
5,7.684706832385856,0.027099948609842883,34.528192134377534,0.9853234887123108
6,7.707298777944093,0.022591945558237292,33.52879946503545,0.9882442355155945
7,7.709645774632402,0.0023469966883089555,30.54893661873819,0.9701997637748718
8,7.654765071836221,-0.05488070279618107,27.830387187575376,0.9355812072753906
9,7.544930345521495,-0.1098347263147259,25.697372859157245,0.9003477096557617
10,7.431670619327711,-0.11325972619378355,24.004195165774263,0.8651452660560608
11,7.314189259076317,-0.11748136025139466,22.605311877275312,0.8298425674438477
12,7.191505249440441,-0.12268400963587567,21.421278532415705,0.7960734367370605
13,7.079155092167597,-0.11235015727284381,20.401106570938726,0.7638842463493347
14,6.962223125821409,-0.11693196634618808,19.506703089306146,0.7327995300292969
15,6.861137658927749,-0.10108546689366005,18.709269933678605,0.7021822333335876
16,6.747693488492389,-0.11344417043536037,17.990958689890473,0.6719768643379211
17,6.638213631945614,-0.10947985654677428,17.339910605409212,0.6423171162605286
18,6.527705037154618,-0.11050859479099628,16.74691303108199,0.6133760809898376
19,6.423377011377924,-0.10432802577669431,16.20409011115583,0.5853702425956726
20,6.31181642827492,-0.11156058310300399,15.70484136120278,0.5584872961044312
21,6.2116640545903365,-0.1001523736845833,15.244317473492167,0.5329491496086121
22,6.104877228602419,-0.10678682598791767,14.818103955016003,0.5089159607887268
23,5.9854935706375105,-0.11938365796490835,14.423725705424314,0.4865975081920624
24,5.847973138562052,-0.1375204320754584,14.059918509844675,0.4661743640899658
25,5.703870189437649,-0.14410294912440325,13.72768567269887,0.4477604925632477
26,5.557621647282445,-0.14624854215520422,13.426129552433748,0.43130946159362793
27,5.407295768080447,-0.15032587920199791,13.153390973441928,0.4165937602519989
28,5.24336099121445,-0.16393477686599667,12.908501115066162,0.4033791720867157
29,5.075773541057808,-0.1675874501566419,12.690032898044912,0.3914760649204254
30,4.929537749137665,-0.14623579192014358,12.493458535829172,0.3805638253688812
31,4.795372330296928,-0.13416541884073663,12.313857476603134,0.3704812824726105
32,4.676677630257842,-0.11869470003908589,12.147365775481058,0.3610897958278656
33,4.571030065777595,-0.10564756448024681,11.991789709496107,0.3522942364215851
34,4.468898654460337,-0.10213141131725845,11.843894210385216,0.34394022822380066
35,4.378084011057622,-0.09081464340271506,11.702885535018554,0.33603325486183167
36,4.302738255217792,-0.07534575583982939,11.567254721816644,0.328515887260437
37,4.216992292807758,-0.08574596241003452,11.437589345077367,0.32140788435935974
38,4.138923365503876,-0.07806892730388171,11.314427077716553,0.31465384364128113
39,4.074688551128771,-0.06423481437510503,11.197475047174963,0.308188796043396
40,3.9980919801756007,-0.0765965709531704,11.085689740789963,0.30194905400276184
41,3.922195244738753,-0.0758967354368476,10.979300347214004,0.29594117403030396
42,3.850378283087449,-0.07181696165130402,10.878601866349918,0.2901507616043091
43,3.7873447007876653,-0.06303358229978384,10.782879992216685,0.28453972935676575
44,3.7237797404472524,-0.06356496034041292,10.690247270193574,0.27903881669044495
45,3.6724656814469103,-0.05131405900034203,10.600283258991672,0.2736443281173706
46,3.629179413296913,-0.043286268149997476,10.511946676576269,0.2683054804801941
47,3.590744892119838,-0.03843452117707491,10.42481765005614,0.2630055844783783
48,3.553606485478499,-0.03713840664133894,10.338443044541886,0.25774139165878296
49,3.524686539351974,-0.02891994612652482,10.251265125434852,0.25247636437416077
50,3.4990902872527063,-0.025596252099267858,10.162326198519288,0.2471657246351242
51,3.4744033965655943,-0.02468689068711205,10.07265530815217,0.24185828864574432
52,3.4504152616933337,-0.02398813487226059,9.982578721154987,0.23658478260040283
53,3.4267249129993265,-0.023690348694007213,9.89199876190187,0.23134760558605194
54,3.398056305871828,-0.028668607127498635,9.801235746646682,0.22618049383163452
55,3.3642499632045926,-0.033806342667235256,9.711443296240345,0.22114063799381256
56,3.32983749096244,-0.0344124722421526,9.623112587856467,0.21623621881008148
57,3.303185964316442,-0.026651526645998125,9.536587171653007,0.2114700824022293
58,3.2840017400740793,-0.019184224242362546,9.451410343255466,0.20682136714458466
59,3.2647796510397975,-0.019222089034281797,9.36634763815986,0.2022537738084793
60,3.2321976977912215,-0.032581953248576045,9.281233921455605,0.19776378571987152
61,3.200096962078387,-0.03210073571283445,9.197172845561791,0.19337593019008636
62,3.1689738857583936,-0.031123076319993448,9.115395249206767,0.18911392986774445
63,3.1433858595793254,-0.02558802617906819,9.034814297597478,0.18494029343128204
64,3.113839604326833,-0.029546255252492326,8.955061985187628,0.18086129426956177
65,3.084724479006134,-0.029115125320699153,8.875721404702869,0.17685766518115997
66,3.04130174268933,-0.043422736316804045,8.796996268520262,0.17293758690357208
67,2.989528473659835,-0.05177326902949497,8.720075723188245,0.16913823783397675
68,2.9309757437043507,-0.05855272995548422,8.646038722347857,0.16548307240009308
69,2.8642442732661273,-0.06673147043822336,8.57486312204619,0.16196520626544952
70,2.7998322995966536,-0.06441197366947371,8.506389427140121,0.15856152772903442
71,2.749058478055635,-0.05077382154101873,8.44125241966134,0.15528346598148346
72,2.6939901249831903,-0.05506835307244451,8.379563321511414,0.15214507281780243
73,2.651463897316792,-0.04252622766639824,8.320759140085316,0.14911921322345734
74,2.6123116164672973,-0.03915228084949485,8.264519884567317,0.14620254933834076
75,2.5698965962470863,-0.04241502022021093,8.210220440123887,0.14337489008903503
76,2.532200371352837,-0.0376962248942494,8.157795172900132,0.14063259959220886
77,2.4941742471138566,-0.03802612423898033,8.107389581391343,0.1379772126674652
78,2.464403520693613,-0.029770726420243587,8.059204877378827,0.13541771471500397
79,2.4350982028929753,-0.02930531780063772,8.012815001428907,0.1329415738582611
80,2.4129272809891114,-0.022170921903863938,7.967826454840221,0.1305340826511383
81,2.383632707730561,-0.02929457325855056,7.924043414495588,0.12818889319896698
82,2.3542830575082605,-0.029349650222300294,7.881373158199044,0.12589803338050842
83,2.3348018892502798,-0.01948116825798074,7.839777975789664,0.12366119027137756
84,2.3127213455628963,-0.022080543687383436,7.798967626432422,0.12146621942520142
85,2.289276947693952,-0.023444397868944478,7.759258373165501,0.11932720988988876
86,2.261424856901955,-0.027852090791996797,7.720373679099786,0.11723523586988449
87,2.234393127278854,-0.027031729623101075,7.682352452431804,0.11518850922584534
88,2.211600378476255,-0.02279274880259896,7.645686968384147,0.11320992559194565
89,2.182406616011834,-0.02919376246442118,7.610258549066254,0.11129816621541977
90,2.1565743214173207,-0.025832294594513083,7.575530786222111,0.10943087190389633
91,2.1256560582574116,-0.0309182631599092,7.542014695841257,0.10763106495141983
92,2.0947349406023745,-0.030921117655037023,7.512203716573282,0.10602796077728271
93,2.056026560275785,-0.03870838032658952,7.48520612990474,0.10457778722047806
94,2.023882079419842,-0.03214448085594279,7.460299469587235,0.10323279350996017
